[verts]
vert: 2 -0.5499999999999998 -1.7200000000000002 0.0
vert: 1 2.04 0.5800000000000001 0.0
vert: 0 -0.5499999999999998 0.7199999999999998 0.0
[walls]
wall: 2 0 1.0 100 100 100
wall: 1 2 1.0 255 0 0
wall: 1 0 1.0 0 255 0
[end]